AARON 	19 	13 	6 	12 	14 	8 	: 	: 	8 	6
ABDI 	10 	7 	8 	: 	8 	8 	6 	5 	7 	8
ABDIRAHMAN 	16 	19 	18 	17 	7 	15 	14 	10 	15 	6
ABDUL 	17 	12 	7 	12 	7 	13 	8 	11 	9 	7
ABDULLAH 	10 	11 	11 	6 	11 	: 	13 	9 	8 	6
ABDULLAHI 	9 	11 	6 	10 	6 	5 	6 	12 	12 	10
ABEL 	9 	: 	6 	4 	9 	: 	10 	5 	4 	4
ADAM 	74 	66 	49 	48 	54 	43 	34 	21 	22 	22
ADRIAN 	382 	447 	388 	383 	352 	367 	381 	376 	308 	281
AHMAD 	10 	12 	6 	10 	14 	15 	15 	11 	8 	12
AHMED 	22 	22 	31 	29 	29 	24 	29 	29 	28 	34
AKSEL 	118 	119 	111 	74 	63 	47 	74 	57 	57 	72
ALAN 	13 	13 	: 	12 	7 	: 	8 	10 	9 	8
ALBERT 	48 	27 	44 	39 	30 	23 	22 	24 	18 	8
ALBIN 	4 	6 	8 	7 	6 	14 	8 	6 	7 	:
ALEKSANDER 	187 	171 	152 	171 	190 	198 	202 	254 	212 	233
ALEX 	24 	17 	23 	15 	12 	10 	6 	12 	8 	8
ALEXANDER 	289 	296 	289 	261 	252 	287 	268 	262 	272 	269
ALF 	9 	8 	13 	18 	13 	15 	17 	32 	21 	20
ALFRED 	34 	32 	26 	28 	21 	18 	9 	15 	12 	8
ALI 	39 	35 	37 	28 	45 	33 	48 	55 	43 	48
ALVIN 	13 	9 	9 	7 	4 	: 	4 	: 	: 	:
AMANDUS 	8 	14 	5 	6 	6 	6 	9 	6 	: 	:
AMIN 	6 	9 	9 	7 	5 	4 	5 	8 	4 	12
AMIR 	14 	11 	10 	13 	8 	7 	10 	20 	11 	6
AMUND 	79 	59 	70 	73 	61 	64 	49 	65 	67 	50
ANAS 	9 	6 	11 	7 	6 	: 	: 	: 	5 	:
ANDERS 	132 	163 	200 	211 	255 	264 	247 	332 	331 	405
ANDRE 	47 	65 	80 	81 	98 	108 	107 	113 	135 	151
ANDREAS 	462 	440 	494 	510 	510 	554 	554 	633 	606 	694
ANTHONY 	6 	: 	8 	5 	5 	9 	10 	4 	4 	8
ANTON 	52 	34 	29 	31 	39 	19 	32 	29 	21 	19
ANTONIO 	: 	9 	5 	: 	10 	19 	9 	: 	8 	4
ARE 	24 	20 	23 	23 	30 	22 	21 	12 	15 	31
ARI 	5 	4 	7 	8 	14 	: 	: 	: 	6 	4
ARIAN 	13 	23 	20 	14 	14 	9 	13 	8 	10 	5
ARILD 	8 	4 	11 	9 	5 	10 	17 	25 	17 	19
ARMAN 	6 	6 	: 	10 	5 	11 	6 	5 	: 	5
ARN 	10 	7 	: 	: 	4 	: 	: 	: 	: 	:
ARNE 	28 	39 	36 	44 	35 	43 	41 	55 	50 	49
ARNT 	6 	6 	5 	4 	7 	5 	10 	13 	12 	8
ARON 	77 	73 	58 	39 	45 	35 	40 	26 	35 	25
ARTHUR 	17 	11 	17 	16 	8 	11 	21 	10 	13 	13
ARVID 	10 	4 	5 	8 	7 	11 	6 	9 	9 	10
ARYAN 	6 	10 	10 	7 	5 	4 	: 	: 	: 	:
ASBJØRN 	14 	9 	16 	14 	21 	20 	19 	29 	24 	19
ASGEIR 	: 	10 	5 	6 	9 	18 	15 	11 	4 	5
ASK 	62 	52 	53 	49 	40 	33 	27 	19 	22 	25
ASLAK 	24 	35 	17 	26 	27 	20 	23 	22 	19 	22
ASLE 	: 	4 	4 	: 	9 	: 	9 	9 	5 	15
ATLE 	13 	9 	6 	12 	18 	25 	16 	11 	24 	30
AUDUN 	32 	20 	24 	28 	43 	31 	37 	33 	47 	51
AUGUST 	79 	94 	98 	89 	79 	77 	78 	52 	47 	44
AXEL 	42 	39 	50 	44 	28 	41 	46 	31 	46 	27
BALDER 	22 	8 	8 	12 	5 	11 	5 	7 	10 	7
BASTIAN 	25 	25 	19 	20 	18 	21 	14 	15 	10 	7
BEN 	: 	: 	7 	4 	10 	8 	8 	6 	6 	4
BENDIK 	47 	51 	64 	48 	60 	82 	89 	97 	106 	125
BENJAMIN 	300 	310 	267 	280 	308 	292 	336 	304 	228 	238
BERNHARD 	: 	5 	8 	7 	8 	12 	7 	9 	9 	6
BERNT 	: 	: 	5 	5 	4 	9 	: 	10 	12 	12
BILAL 	7 	12 	5 	11 	12 	7 	10 	16 	18 	11
BIRGER 	5 	6 	5 	6 	5 	7 	7 	14 	8 	10
BIRK 	82 	56 	59 	76 	49 	54 	51 	40 	36 	18
BJARNE 	7 	: 	4 	12 	8 	9 	5 	9 	11 	17
BJARTE 	: 	: 	: 	8 	8 	7 	6 	8 	8 	14
BJØRN 	50 	54 	79 	69 	77 	90 	102 	109 	125 	153
BJØRNAR 	31 	36 	36 	27 	42 	53 	54 	52 	63 	73
BO 	19 	18 	11 	12 	4 	4 	8 	6 	5 	8
BRAGE 	123 	115 	131 	124 	106 	86 	89 	88 	75 	68
BREDE 	14 	27 	21 	32 	25 	24 	32 	26 	25 	18
BRIAN 	15 	17 	24 	16 	19 	16 	21 	17 	15 	18
BROR 	13 	16 	13 	12 	10 	11 	12 	11 	11 	14
BRYNJAR 	5 	10 	6 	6 	10 	14 	12 	19 	10 	15
BØRGE 	5 	6 	7 	11 	9 	12 	14 	13 	12 	17
BÅRD 	9 	12 	9 	13 	13 	23 	18 	18 	23 	24
CARL 	36 	28 	45 	47 	42 	50 	59 	56 	51 	66
CASPER 	103 	117 	98 	96 	66 	69 	69 	39 	43 	25
CATO 	5 	7 	5 	9 	8 	7 	9 	11 	15 	17
CHRIS 	20 	18 	17 	20 	26 	29 	30 	30 	33 	45
CHRISTER 	7 	19 	18 	28 	20 	28 	34 	33 	25 	37
CHRISTIAN 	155 	168 	172 	193 	221 	258 	251 	240 	262 	248
CHRISTOFFER 	83 	87 	107 	99 	150 	142 	165 	165 	160 	177
CHRISTOPHER 	61 	47 	57 	52 	42 	59 	66 	57 	53 	67
COLIN 	7 	12 	12 	10 	5 	5 	4 	6 	5 	:
CONRAD 	8 	11 	5 	8 	8 	7 	6 	: 	: 	5
CORNELIUS 	7 	9 	10 	9 	14 	10 	7 	12 	9 	:
DAG 	9 	14 	7 	11 	13 	9 	23 	16 	23 	34
DAN 	5 	10 	13 	12 	14 	20 	15 	14 	25 	11
DANIAL 	5 	5 	10 	5 	12 	11 	6 	9 	: 	6
DANIEL 	385 	422 	450 	449 	458 	476 	477 	500 	540 	518
DAVID 	161 	200 	159 	182 	113 	110 	110 	107 	103 	89
DENIS 	6 	10 	7 	5 	7 	7 	: 	6 	6 	5
DENNIS 	95 	100 	94 	78 	97 	69 	87 	80 	73 	57
DIDRIK 	26 	48 	29 	39 	57 	38 	50 	46 	31 	53
EDVARD 	68 	65 	75 	76 	53 	59 	58 	75 	57 	69
EDVIN 	22 	22 	26 	15 	20 	26 	11 	15 	13 	10
EDWARD 	14 	13 	16 	13 	10 	9 	17 	10 	9 	16
EGIL 	8 	4 	12 	: 	10 	12 	13 	18 	18 	17
EINAR 	42 	53 	54 	60 	49 	65 	63 	64 	62 	80
EIRIK 	218 	270 	276 	226 	229 	303 	328 	330 	301 	325
EIVIND 	103 	109 	85 	97 	85 	102 	135 	125 	146 	153
ELIAS 	442 	394 	384 	334 	269 	272 	230 	173 	126 	99
ELLIOT 	19 	18 	13 	7 	9 	: 	: 	4 	: 	:
EMANUEL 	7 	8 	13 	11 	7 	6 	6 	10 	4 	4
EMIL 	387 	380 	406 	401 	364 	369 	332 	330 	291 	285
EMRE 	14 	15 	14 	9 	5 	12 	9 	9 	5 	7
ENDRE 	36 	49 	51 	56 	55 	70 	57 	57 	55 	61
ERIC 	13 	27 	20 	18 	25 	24 	22 	28 	21 	26
ERIK 	201 	227 	223 	268 	223 	255 	266 	282 	277 	289
ERLAND 	7 	: 	7 	6 	7 	10 	6 	10 	6 	6
ERLEND 	118 	124 	151 	146 	145 	161 	183 	212 	221 	264
ERLING 	35 	41 	28 	35 	37 	33 	48 	46 	53 	38
ESKIL 	121 	113 	75 	97 	102 	80 	91 	68 	61 	52
ESKILD 	9 	7 	11 	10 	20 	14 	12 	9 	15 	15
ESPEN 	54 	55 	81 	75 	118 	102 	127 	149 	186 	197
EVEN 	241 	195 	144 	161 	160 	193 	190 	181 	213 	182
FABIAN 	50 	67 	51 	54 	43 	47 	44 	47 	52 	29
FALK 	11 	4 	8 	7 	5 	5 	: 	4 	: 	:
FELIX 	110 	97 	79 	80 	67 	43 	42 	48 	30 	26
FERDINAND 	19 	30 	21 	17 	15 	18 	12 	11 	14 	13
FILIP 	141 	122 	118 	102 	87 	95 	100 	76 	73 	56
FILLIP 	16 	23 	9 	6 	7 	6 	: 	6 	4 	:
FINN 	13 	10 	7 	9 	17 	17 	22 	10 	10 	11
FRANK 	9 	7 	5 	7 	11 	15 	17 	14 	20 	21
FREDERIK 	6 	19 	19 	13 	13 	14 	17 	17 	16 	18
FREDRICK 	: 	8 	7 	9 	6 	9 	10 	11 	15 	9
FREDRIK 	266 	305 	328 	358 	323 	353 	412 	406 	419 	474
FRODE 	: 	6 	6 	4 	9 	12 	8 	11 	14 	14
GABRIEL 	115 	113 	89 	80 	61 	69 	63 	46 	52 	38
GARD 	27 	22 	49 	39 	50 	47 	53 	63 	29 	34
GAUTE 	20 	26 	30 	64 	34 	31 	31 	27 	40 	38
GEIR 	: 	12 	7 	13 	10 	23 	18 	16 	21 	28
GEORG 	20 	13 	26 	41 	26 	33 	32 	39 	27 	34
GJERMUND 	7 	8 	7 	: 	9 	13 	16 	10 	21 	18
GLENN 	6 	8 	14 	11 	16 	19 	18 	30 	27 	40
GUNNAR 	15 	13 	5 	18 	17 	18 	26 	29 	25 	23
GUSTAV 	52 	53 	38 	42 	28 	29 	22 	40 	28 	32
GØRAN 	: 	: 	5 	10 	8 	6 	12 	10 	15 	21
HAAKON 	48 	38 	47 	51 	54 	56 	81 	76 	70 	86
HALLVARD 	17 	19 	28 	20 	29 	27 	24 	24 	30 	27
HALVARD 	11 	13 	7 	19 	27 	25 	14 	13 	17 	18
HALVOR 	36 	39 	49 	35 	34 	45 	47 	41 	35 	41
HAMZA 	21 	15 	15 	16 	17 	20 	15 	12 	15 	19
HANS 	85 	73 	99 	99 	124 	131 	169 	140 	167 	173
HARALD 	39 	27 	40 	30 	39 	57 	60 	54 	65 	67
HARIS 	5 	5 	5 	5 	: 	5 	6 	6 	10 	13
HASSAN 	15 	12 	11 	14 	17 	20 	11 	14 	9 	27
HAUK 	13 	9 	7 	11 	7 	14 	12 	8 	10 	9
HEINE 	46 	41 	43 	22 	26 	38 	24 	22 	12 	9
HELGE 	12 	13 	10 	13 	10 	13 	14 	12 	23 	20
HENNING 	43 	46 	55 	44 	33 	45 	61 	80 	43 	50
HENRIK 	388 	420 	406 	433 	465 	494 	482 	489 	437 	460
HENRY 	16 	15 	17 	14 	10 	9 	16 	9 	12 	13
HERMAN 	170 	159 	195 	192 	182 	173 	170 	169 	151 	121
HERMANN 	15 	16 	10 	14 	16 	19 	26 	34 	17 	10
HUGO 	8 	9 	7 	5 	9 	9 	14 	8 	4 	:
HUSSEIN 	5 	6 	7 	8 	10 	11 	: 	7 	10 	:
HÅKON 	193 	211 	236 	186 	204 	206 	249 	332 	351 	355
HÅVAR 	: 	4 	5 	12 	6 	15 	11 	16 	12 	11
HÅVARD 	110 	130 	141 	163 	153 	175 	217 	214 	231 	226
IAN 	8 	8 	7 	8 	13 	9 	9 	11 	6 	9
IBRAHIM 	19 	23 	33 	23 	19 	12 	17 	9 	10 	11
IDAR 	7 	9 	4 	6 	: 	10 	11 	7 	11 	12
IMRE 	18 	17 	11 	15 	5 	9 	7 	5 	: 	:
INGAR 	5 	: 	6 	: 	5 	6 	5 	: 	4 	11
INGE 	6 	: 	5 	9 	: 	7 	6 	11 	12 	14
ISAAC 	10 	9 	13 	7 	6 	8 	5 	9 	8 	6
ISAC 	17 	13 	15 	14 	10 	9 	13 	8 	5 	5
ISAK 	227 	211 	207 	224 	196 	168 	143 	121 	102 	67
ISMAIL 	8 	14 	13 	10 	9 	8 	6 	11 	7 	7
IVAN 	15 	11 	14 	23 	17 	11 	20 	13 	15 	16
IVAR 	27 	28 	36 	37 	29 	43 	35 	47 	40 	51
IVER 	94 	100 	92 	79 	81 	64 	63 	50 	52 	40
JACK 	6 	6 	: 	10 	8 	6 	7 	9 	5 	6
JACOB 	99 	101 	110 	112 	114 	87 	83 	73 	83 	61
JAKOB 	199 	181 	205 	175 	201 	164 	137 	137 	118 	127
JAMES 	: 	6 	11 	15 	7 	7 	4 	14 	10 	9
JAN 	60 	49 	58 	76 	72 	101 	111 	128 	136 	127
JARAND 	6 	7 	7 	9 	10 	6 	16 	10 	10 	13
JARDAR 	4 	7 	9 	4 	: 	7 	10 	10 	10 	6
JARL 	5 	: 	: 	: 	7 	6 	10 	12 	9 	17
JARLE 	5 	7 	8 	17 	9 	14 	14 	22 	30 	31
JENS 	82 	82 	97 	75 	76 	85 	118 	90 	70 	116
JEPPE 	5 	4 	7 	8 	8 	9 	12 	7 	5 	9
JESPER 	133 	140 	148 	127 	127 	87 	97 	116 	119 	77
JIM 	8 	7 	12 	13 	8 	9 	9 	12 	16 	10
JIMMY 	8 	: 	6 	5 	5 	8 	7 	9 	14 	9
JO 	23 	22 	22 	38 	20 	26 	34 	29 	19 	23
JOACHIM 	47 	49 	60 	80 	75 	72 	95 	80 	95 	122
JOACIM 	7 	4 	7 	5 	7 	11 	7 	14 	12 	19
JOAKIM 	128 	122 	149 	162 	204 	244 	226 	248 	261 	287
JOAR 	14 	19 	6 	7 	15 	10 	21 	20 	11 	25
JOEL 	12 	21 	15 	16 	13 	14 	10 	8 	10 	10
JOHAN 	103 	110 	98 	120 	114 	107 	129 	137 	136 	122
JOHANN 	9 	: 	4 	10 	7 	10 	15 	7 	6 	9
JOHANNES 	217 	244 	205 	200 	206 	177 	160 	169 	176 	176
JOHN 	64 	71 	85 	70 	104 	100 	105 	128 	114 	101
JOHNNY 	: 	: 	4 	11 	8 	11 	10 	11 	14 	13
JON 	51 	77 	79 	97 	89 	88 	109 	111 	135 	160
JONAH 	15 	8 	14 	6 	: 	: 	: 	: 	: 	:
JONAS 	535 	478 	485 	512 	487 	477 	506 	509 	446 	518
JONATAN 	34 	43 	47 	58 	37 	42 	46 	42 	31 	22
JONATHAN 	141 	136 	126 	132 	92 	101 	115 	88 	91 	92
JONE 	18 	31 	26 	25 	21 	13 	17 	17 	26 	21
JOSEF 	18 	9 	12 	12 	13 	8 	11 	10 	5 	15
JOSHUA 	4 	5 	6 	7 	9 	14 	7 	15 	8 	5
JOSTEIN 	25 	29 	29 	34 	34 	43 	50 	58 	73 	60
JULIAN 	160 	152 	111 	79 	81 	59 	61 	52 	48 	50
JULIUS 	9 	15 	7 	10 	10 	12 	14 	7 	15 	5
JØRAN 	10 	10 	6 	17 	11 	15 	11 	23 	14 	12
JØRGEN 	162 	172 	192 	213 	231 	253 	291 	345 	322 	344
JØRN 	5 	4 	8 	8 	8 	7 	21 	14 	16 	18
JØRUND 	5 	: 	5 	5 	5 	5 	8 	7 	7 	10
KAI 	11 	12 	8 	9 	9 	15 	12 	15 	13 	17
KARL 	46 	53 	56 	46 	60 	53 	73 	76 	80 	89
KARSTEN 	19 	14 	23 	24 	14 	13 	17 	16 	25 	19
KASPAR 	8 	11 	6 	6 	9 	: 	8 	4 	4 	4
KASPER 	141 	141 	161 	157 	147 	122 	98 	98 	74 	51
KEN 	9 	12 	12 	6 	11 	7 	13 	12 	12 	15
KENNET 	: 	: 	4 	: 	4 	: 	7 	5 	4 	10
KENNETH 	18 	31 	29 	36 	27 	40 	37 	49 	72 	89
KENT 	8 	7 	10 	10 	17 	11 	10 	16 	14 	29
KEVIN 	132 	153 	138 	140 	164 	118 	153 	147 	155 	162
KHALID 	8 	9 	11 	7 	8 	: 	5 	: 	4 	7
KIM 	35 	36 	55 	54 	66 	54 	93 	83 	78 	101
KJARTAN 	: 	: 	7 	9 	11 	8 	12 	12 	16 	20
KJELL 	10 	16 	17 	16 	15 	27 	26 	27 	35 	33
KJETIL 	9 	17 	16 	20 	21 	46 	32 	48 	56 	74
KNUT 	58 	59 	53 	54 	62 	63 	91 	79 	99 	88
KONRAD 	26 	19 	24 	19 	16 	10 	21 	12 	8 	4
KORNELIUS 	4 	13 	9 	10 	9 	: 	7 	6 	7 	5
KRISTER 	5 	5 	13 	11 	11 	10 	25 	14 	30 	19
KRISTIAN 	278 	315 	307 	310 	347 	351 	366 	418 	425 	437
KRISTOFFER 	215 	260 	252 	281 	274 	319 	333 	321 	330 	364
KYRRE 	6 	4 	11 	5 	6 	7 	7 	7 	8 	4
LARS 	170 	212 	231 	249 	261 	303 	331 	332 	338 	397
LASSE 	41 	53 	59 	55 	65 	62 	70 	100 	95 	117
LAURITS 	10 	12 	6 	14 	6 	4 	4 	9 	6 	5
LAURITZ 	12 	8 	9 	12 	6 	12 	8 	: 	4 	6
LAVRANS 	10 	10 	16 	9 	4 	: 	4 	5 	8 	4
LEANDER 	107 	75 	58 	39 	26 	27 	23 	21 	18 	6
LEIF 	17 	11 	20 	28 	21 	12 	26 	24 	32 	25
LEO 	94 	95 	74 	52 	33 	39 	23 	15 	12 	9
LEON 	145 	125 	87 	59 	42 	36 	48 	27 	15 	15
LEONARD 	19 	21 	13 	17 	12 	13 	10 	11 	13 	12
LEVI 	10 	9 	12 	9 	6 	9 	8 	8 	5 	6
LIAM 	51 	48 	40 	24 	16 	12 	21 	11 	12 	6
LINUS 	112 	77 	28 	24 	25 	16 	19 	8 	4 	7
LOKE 	18 	19 	13 	12 	10 	6 	15 	5 	: 	:
LOUIS 	6 	6 	5 	12 	: 	5 	5 	5 	6 	:
LUCA 	15 	11 	10 	: 	: 	5 	7 	: 	: 	:
LUCAS 	158 	122 	83 	57 	46 	38 	39 	24 	20 	7
LUDVIG 	68 	53 	47 	45 	41 	41 	44 	37 	31 	21
LUDVIK 	44 	44 	25 	33 	28 	27 	23 	18 	23 	14
LUKA 	11 	5 	8 	6 	5 	5 	4 	: 	: 	:
LUKAS 	227 	178 	135 	87 	65 	58 	52 	21 	22 	14
MADS 	83 	96 	108 	124 	112 	107 	104 	87 	88 	100
MAGNAR 	: 	6 	: 	: 	5 	7 	11 	8 	6 	10
MAGNE 	13 	15 	22 	13 	14 	20 	29 	18 	26 	24
MAGNUS 	368 	433 	410 	429 	456 	458 	451 	407 	460 	461
MAHAD 	: 	: 	4 	10 	: 	: 	9 	: 	4 	4
MARCO 	12 	11 	21 	12 	12 	20 	13 	17 	12 	17
MARCUS 	182 	214 	238 	199 	257 	300 	284 	270 	257 	296
MARIUS 	278 	318 	332 	332 	371 	453 	439 	432 	430 	478
MARK 	: 	: 	4 	4 	: 	4 	: 	10 	5 	8
MARKUS 	229 	311 	286 	289 	315 	358 	356 	395 	417 	379
MARTIN 	390 	409 	506 	493 	531 	546 	596 	654 	635 	651
MARTINIUS 	8 	4 	10 	9 	14 	9 	5 	5 	7 	4
MARTINUS 	10 	10 	9 	12 	5 	4 	10 	12 	9 	5
MATHEO 	19 	16 	: 	4 	: 	: 	: 	: 	: 	:
MATHEUS 	13 	8 	5 	7 	: 	5 	: 	: 	: 	:
MATHIAS 	463 	440 	501 	504 	474 	446 	498 	470 	417 	396
MATIAS 	43 	40 	58 	54 	56 	56 	60 	70 	42 	50
MATS 	133 	171 	197 	189 	184 	173 	221 	206 	202 	196
MATTEO 	10 	8 	6 	6 	: 	: 	4 	: 	: 	:
MATTIAS 	10 	14 	23 	14 	23 	32 	21 	16 	24 	13
MATTIS 	20 	20 	23 	22 	17 	11 	17 	18 	15 	13
MAX 	59 	56 	50 	40 	35 	29 	30 	26 	29 	30
MAXIMILIAN 	10 	18 	9 	12 	6 	9 	12 	15 	9 	5
MICHAEL 	45 	54 	52 	85 	71 	64 	71 	65 	82 	92
MIKA 	7 	9 	9 	13 	5 	5 	6 	11 	5 	:
MIKAEL 	70 	81 	78 	86 	94 	68 	81 	88 	66 	66
MIKAL 	21 	19 	14 	16 	17 	38 	19 	26 	26 	26
MIKKEL 	120 	100 	86 	97 	74 	74 	64 	71 	49 	67
MILAN 	6 	7 	7 	10 	: 	: 	5 	5 	: 	:
MOHAMED 	17 	24 	29 	37 	39 	23 	30 	31 	35 	40
MOHAMMAD 	36 	58 	44 	48 	40 	35 	45 	48 	40 	39
MOHAMMED 	35 	40 	32 	36 	46 	24 	36 	32 	36 	34
MONS 	9 	12 	13 	5 	5 	9 	: 	4 	5 	5
MORGAN 	21 	11 	17 	13 	20 	18 	19 	13 	8 	11
MORTEN 	47 	68 	70 	80 	100 	119 	119 	156 	157 	179
MUHAMMAD 	25 	26 	17 	18 	14 	14 	18 	16 	17 	7
MUHAMMED 	8 	12 	8 	5 	: 	7 	5 	10 	9 	8
MUSTAFA 	8 	12 	15 	15 	16 	15 	13 	19 	12 	17
NATANIEL 	11 	13 	5 	: 	7 	6 	4 	: 	5 	:
NATHANIEL 	23 	24 	26 	23 	14 	21 	12 	13 	13 	4
NICHLAS 	7 	8 	5 	7 	7 	: 	5 	6 	: 	10
NICHOLAS 	47 	45 	58 	34 	38 	37 	33 	35 	33 	23
NICKLAS 	28 	31 	33 	31 	18 	22 	21 	15 	20 	23
NICLAS 	12 	10 	13 	17 	11 	14 	11 	13 	8 	6
NICOLAI 	83 	96 	98 	97 	89 	85 	87 	65 	61 	61
NICOLAS 	21 	21 	20 	41 	29 	24 	23 	13 	16 	18
NICOLAY 	39 	24 	33 	33 	34 	38 	33 	26 	20 	15
NIKLAS 	66 	90 	72 	76 	64 	55 	75 	60 	85 	70
NIKOLAI 	161 	163 	183 	157 	138 	104 	144 	126 	84 	120
NIKOLAS 	27 	20 	13 	14 	14 	13 	: 	16 	23 	10
NIKOLAY 	13 	11 	7 	10 	12 	5 	5 	11 	7 	4
NILS 	39 	49 	41 	50 	53 	48 	62 	55 	68 	61
NJÅL 	7 	5 	5 	10 	7 	11 	18 	7 	8 	8
NOA 	17 	17 	23 	18 	10 	: 	: 	: 	: 	:
NOAH 	284 	261 	216 	165 	105 	86 	34 	14 	11 	12
ODD 	16 	16 	17 	23 	23 	28 	30 	35 	35 	52
ODDBJØRN 	4 	6 	: 	9 	5 	5 	6 	9 	7 	10
ODIN 	114 	112 	110 	120 	73 	84 	82 	60 	58 	72
OLA 	121 	128 	132 	106 	100 	137 	119 	132 	145 	170
OLAF 	14 	7 	6 	10 	9 	7 	9 	11 	8 	4
OLAI 	9 	18 	14 	18 	7 	10 	9 	7 	8 	6
OLAV 	107 	109 	104 	109 	97 	75 	98 	113 	134 	97
OLE 	208 	214 	261 	264 	312 	314 	339 	411 	443 	444
OLE-MARTIN 	: 	: 	7 	9 	: 	6 	14 	13 	13 	24
OLIVER 	332 	334 	341 	249 	174 	157 	130 	117 	103 	72
OLVE 	15 	18 	13 	13 	11 	: 	17 	10 	17 	11
OMAR 	15 	18 	17 	22 	12 	12 	17 	11 	20 	22
OSCAR 	131 	129 	131 	126 	111 	124 	95 	78 	88 	81
OSKAR 	159 	161 	153 	145 	166 	133 	122 	89 	91 	81
OTTO 	13 	7 	7 	7 	5 	8 	6 	9 	12 	5
OVE 	8 	7 	4 	6 	7 	8 	12 	6 	12 	12
PATRICK 	74 	116 	90 	79 	76 	85 	101 	101 	72 	85
PATRIK 	27 	33 	27 	21 	17 	22 	29 	21 	25 	27
PAUL 	15 	23 	20 	25 	25 	18 	29 	23 	30 	27
PEDER 	67 	61 	80 	88 	82 	63 	94 	93 	64 	90
PELLE 	16 	12 	7 	8 	8 	8 	: 	: 	6 	:
PER 	38 	53 	55 	65 	68 	61 	78 	95 	119 	96
PETER 	63 	74 	67 	36 	64 	60 	57 	54 	90 	81
PETTER 	124 	124 	165 	156 	141 	143 	160 	184 	166 	219
PHILIP 	111 	117 	107 	100 	95 	83 	84 	76 	67 	67
PHILLIP 	28 	35 	25 	25 	19 	16 	18 	6 	21 	13
PREBEN 	52 	46 	38 	51 	56 	51 	77 	61 	69 	94
PÅL 	15 	23 	18 	15 	26 	34 	35 	46 	42 	58
RAGNAR 	6 	4 	6 	8 	9 	4 	11 	7 	8 	10
RASMUS 	41 	52 	43 	34 	42 	38 	53 	51 	51 	32
RAVN 	11 	8 	8 	5 	: 	5 	7 	8 	7 	8
RAYAN 	4 	10 	5 	: 	5 	: 	: 	: 	: 	:
RAYMOND 	4 	4 	: 	5 	: 	5 	12 	10 	12 	11
REIDAR 	5 	4 	8 	5 	8 	10 	11 	12 	7 	15
REMI 	16 	12 	11 	12 	22 	23 	25 	36 	26 	35
REMY 	6 	7 	5 	6 	6 	10 	9 	7 	9 	10
RENE 	7 	: 	9 	7 	7 	12 	15 	15 	11 	19
RICHARD 	11 	11 	23 	22 	27 	29 	22 	28 	28 	47
RIKARD 	: 	5 	8 	8 	: 	6 	8 	10 	13 	13
ROBERT 	23 	20 	20 	21 	38 	32 	47 	47 	71 	66
ROBIN 	111 	103 	124 	143 	143 	149 	162 	177 	189 	194
ROGER 	: 	8 	: 	4 	8 	7 	6 	8 	12 	17
ROLF 	13 	11 	17 	10 	17 	21 	13 	24 	18 	37
RONNY 	: 	: 	4 	5 	6 	6 	9 	12 	10 	6
ROY 	: 	9 	8 	: 	5 	19 	5 	14 	16 	21
RUBEN 	70 	54 	75 	100 	75 	83 	104 	121 	111 	136
RUNAR 	13 	14 	19 	26 	25 	33 	37 	44 	54 	56
RUNE 	13 	11 	15 	10 	21 	18 	28 	26 	39 	39
SAID 	: 	: 	4 	10 	5 	5 	4 	4 	4 	5
SAM 	8 	7 	7 	13 	5 	5 	4 	7 	10 	5
SAMUEL 	64 	62 	56 	41 	37 	42 	40 	39 	25 	29
SANDER 	406 	397 	437 	474 	499 	526 	588 	572 	604 	316
SCOTT 	17 	17 	19 	17 	14 	17 	19 	10 	16 	13
SEAN 	13 	18 	19 	19 	15 	16 	18 	21 	13 	15
SEBASTIAN 	412 	397 	369 	338 	361 	326 	355 	294 	283 	286
SEVERIN 	5 	5 	11 	9 	5 	4 	: 	11 	10 	12
SHAWN 	12 	7 	: 	: 	: 	: 	: 	: 	: 	:
SIGBJØRN 	6 	4 	4 	: 	9 	12 	20 	14 	16 	20
SIGMUND 	14 	7 	7 	8 	8 	8 	14 	8 	13 	17
SIGURD 	165 	147 	142 	139 	153 	159 	138 	146 	151 	136
SIGVE 	33 	35 	38 	36 	62 	42 	37 	39 	34 	28
SIMEN 	202 	220 	268 	269 	331 	309 	413 	357 	368 	415
SIMON 	109 	125 	144 	153 	147 	181 	205 	211 	177 	223
SINDRE 	159 	160 	207 	214 	235 	242 	250 	251 	284 	295
SIVERT 	117 	88 	102 	107 	116 	132 	150 	123 	123 	139
SJUR 	15 	12 	15 	20 	16 	13 	22 	26 	18 	26
SNORRE 	30 	21 	32 	39 	18 	32 	48 	38 	26 	43
SONDRE 	275 	285 	332 	306 	361 	370 	348 	378 	360 	380
STEFAN 	14 	19 	19 	22 	12 	20 	30 	35 	36 	32
STEFFEN 	40 	47 	49 	47 	58 	77 	93 	101 	105 	127
STEIN 	9 	12 	11 	11 	12 	6 	18 	17 	19 	21
STEINAR 	10 	11 	15 	21 	10 	18 	22 	22 	33 	34
STEN 	: 	: 	: 	: 	6 	7 	: 	10 	4 	5
STEVEN 	5 	6 	4 	5 	5 	7 	7 	8 	11 	6
STIAN 	84 	101 	159 	172 	177 	248 	250 	290 	314 	405
STIG 	: 	4 	10 	12 	12 	12 	23 	16 	20 	28
STORM 	61 	42 	31 	34 	23 	4 	7 	: 	6 	4
STURLA 	8 	4 	6 	4 	7 	6 	7 	: 	7 	10
STÅLE 	7 	5 	: 	: 	9 	4 	6 	10 	15 	16
SVEIN 	9 	14 	15 	25 	20 	25 	35 	29 	44 	58
SVEINUNG 	: 	12 	: 	5 	5 	10 	10 	11 	15 	19
SVEN 	4 	5 	10 	9 	14 	6 	16 	23 	12 	14
SVERRE 	76 	41 	62 	56 	59 	48 	52 	39 	56 	49
SYED 	11 	8 	10 	13 	8 	8 	: 	6 	6 	5
SYVER 	34 	29 	24 	25 	20 	21 	14 	9 	14 	13
SØLVE 	15 	8 	8 	16 	12 	13 	8 	4 	8 	11
TAGE 	17 	19 	20 	24 	17 	15 	15 	17 	17 	12
TARALD 	4 	11 	7 	6 	4 	6 	13 	4 	11 	:
TARJEI 	18 	20 	14 	10 	15 	19 	15 	23 	26 	21
TEO 	21 	9 	9 	4 	: 	4 	4 	: 	: 	:
TEODOR 	61 	58 	54 	47 	32 	31 	33 	19 	17 	10
TERJE 	9 	6 	6 	11 	7 	16 	12 	15 	17 	23
THEO 	86 	82 	43 	25 	22 	23 	10 	13 	10 	5
THEODOR 	196 	162 	108 	103 	71 	56 	50 	51 	39 	38
THOMAS 	234 	245 	308 	326 	355 	410 	400 	487 	443 	508
THOR 	24 	19 	26 	25 	26 	29 	26 	31 	25 	34
THORBJØRN 	: 	8 	5 	: 	5 	: 	5 	7 	4 	14
TIM 	24 	21 	25 	37 	33 	36 	26 	31 	27 	36
TINIUS 	12 	13 	12 	13 	9 	13 	13 	10 	4 	:
TOBIAS 	391 	472 	461 	513 	431 	389 	419 	381 	344 	244
TOM 	26 	26 	31 	41 	36 	54 	40 	49 	75 	73
TOMAS 	13 	28 	23 	30 	32 	32 	34 	32 	37 	52
TOMMY 	23 	41 	31 	30 	42 	45 	57 	69 	73 	95
TONY 	19 	13 	11 	18 	23 	24 	23 	20 	24 	37
TOR 	66 	73 	56 	60 	73 	81 	99 	112 	117 	138
TORBEN 	15 	7 	6 	10 	7 	8 	5 	9 	: 	9
TORBJØRN 	28 	30 	30 	27 	36 	36 	41 	51 	50 	63
TORD 	37 	31 	33 	46 	38 	41 	46 	51 	38 	45
TORE 	12 	17 	10 	19 	16 	36 	32 	36 	39 	62
TORGEIR 	9 	7 	7 	13 	16 	12 	12 	15 	16 	17
TORGRIM 	8 	5 	5 	8 	7 	7 	8 	8 	8 	10
TORJE 	14 	8 	13 	11 	11 	11 	15 	18 	23 	13
TORJUS 	35 	42 	41 	27 	29 	31 	41 	27 	39 	26
TORKEL 	4 	6 	: 	8 	5 	8 	8 	12 	8 	11
TORMOD 	13 	20 	14 	12 	18 	15 	16 	16 	23 	19
TORSTEIN 	27 	27 	26 	32 	41 	37 	46 	50 	39 	53
TRISTAN 	28 	22 	16 	17 	7 	9 	9 	6 	5 	:
TROND 	8 	19 	20 	15 	18 	21 	20 	34 	28 	31
TROY 	18 	21 	10 	9 	12 	10 	7 	4 	5 	5
TRULS 	33 	45 	41 	56 	59 	78 	65 	61 	50 	77
TRYGVE 	30 	41 	40 	38 	35 	45 	56 	49 	43 	41
TRYM 	131 	131 	146 	151 	138 	123 	134 	110 	99 	106
ULRIK 	74 	79 	75 	63 	69 	66 	68 	55 	59 	62
VEBJØRN 	50 	38 	55 	60 	49 	61 	58 	52 	58 	67
VEGAR 	16 	15 	12 	18 	16 	29 	30 	22 	27 	32
VEGARD 	127 	87 	154 	174 	169 	185 	210 	246 	258 	263
VEMUND 	24 	27 	34 	37 	27 	30 	32 	34 	36 	39
VETLE 	130 	139 	140 	181 	141 	133 	144 	143 	128 	115
VICTOR 	67 	78 	69 	91 	88 	83 	73 	60 	65 	52
VIDAR 	4 	6 	8 	10 	11 	23 	14 	21 	13 	21
VIKTOR 	56 	62 	46 	66 	73 	68 	55 	49 	53 	49
VILJAR 	29 	49 	21 	26 	31 	26 	23 	14 	18 	14
VINCENT 	12 	12 	14 	16 	9 	8 	12 	5 	7 	10
WILHELM 	10 	9 	11 	18 	12 	12 	16 	16 	16 	19
WILLIAM 	261 	263 	270 	217 	204 	178 	176 	156 	141 	119
YNGVE 	7 	10 	6 	6 	5 	7 	11 	7 	5 	16
YUSUF 	13 	10 	8 	5 	7 	9 	: 	4 	8 	5
ØIVIND 	4 	: 	6 	: 	8 	: 	7 	12 	11 	10
ØRJAN 	45 	37 	38 	37 	44 	39 	47 	63 	55 	51
ØYSTEIN 	23 	27 	24 	27 	25 	48 	52 	64 	69 	63
ØYVIND 	29 	33 	40 	44 	45 	61 	60 	76 	88 	97
ÅDNE 	22 	29 	31 	30 	44 	46 	51 	54 	51 	36
ÅSMUND 	19 	14 	12 	28 	27 	29 	24 	26 	27 	34
ZAKARIA 	: 	11 	10 	8 	: 	5 	7 	6 	5 	7
