ADA 	78 	76 	63 	49 	56 	53 	36 	27 	30 	32
ADELE 	47 	46 	45 	32 	38 	25 	12 	15 	18 	10
ADINA 	4 	6 	11 	9 	5 	11 	5 	: 	: 	:
AGATHE 	13 	8 	12 	10 	6 	5 	6 	4 	7 	:
AGNES 	47 	58 	41 	37 	27 	22 	34 	20 	20 	32
AGNETE 	4 	6 	5 	10 	5 	10 	7 	8 	5 	11
AGNETHE 	: 	: 	4 	4 	6 	10 	: 	6 	6 	5
AIDA 	15 	10 	14 	9 	11 	10 	7 	11 	9 	9
AILIN 	6 	15 	12 	6 	8 	6 	12 	4 	: 	9
AINA 	14 	14 	17 	14 	19 	23 	24 	31 	25 	46
AISHA 	15 	26 	20 	14 	15 	22 	17 	17 	16 	13
AJLA 	4 	10 	5 	: 	7 	8 	6 	: 	: 	:
ALBA 	10 	6 	4 	: 	5 	: 	6 	4 	5 	4
ALBERTINE 	4 	: 	8 	10 	: 	4 	4 	7 	6 	:
ALEKSANDRA 	14 	14 	11 	12 	16 	21 	21 	22 	16 	16
ALEXANDRA 	52 	90 	85 	66 	64 	63 	70 	72 	40 	63
ALICE 	11 	17 	18 	25 	24 	15 	24 	22 	12 	12
ALIDA 	26 	26 	14 	20 	14 	26 	18 	9 	12 	10
ALINA 	22 	21 	22 	14 	15 	7 	13 	9 	6 	11
ALISE 	11 	9 	8 	9 	7 	10 	10 	7 	9 	9
ALISHA 	11 	12 	13 	: 	7 	: 	: 	: 	: 	:
ALMA 	51 	46 	36 	40 	16 	17 	11 	14 	13 	8
ALVA 	72 	63 	36 	43 	21 	25 	20 	15 	6 	6
ALVILDE 	13 	7 	14 	10 	4 	5 	11 	7 	10 	5
AMAL 	: 	: 	7 	6 	: 	6 	8 	7 	11 	11
AMALIE 	330 	326 	331 	245 	299 	304 	318 	354 	329 	331
AMANDA 	109 	107 	108 	111 	136 	142 	116 	132 	128 	116
AMELIA 	26 	21 	34 	17 	13 	8 	5 	6 	4 	8
AMELIE 	8 	13 	13 	5 	11 	4 	: 	: 	: 	:
AMINA 	31 	27 	32 	22 	33 	21 	19 	20 	12 	14
AMY 	12 	11 	13 	9 	6 	7 	10 	6 	11 	7
ANA 	6 	9 	7 	9 	7 	7 	11 	4 	7 	9
ANASTASIA 	4 	8 	10 	7 	10 	13 	5 	: 	: 	6
ANDREA 	278 	344 	294 	289 	263 	275 	327 	311 	321 	325
ANDRINE 	69 	83 	98 	133 	130 	104 	156 	168 	87 	51
ANE 	148 	120 	103 	77 	90 	94 	111 	114 	125 	99
ANETTE 	36 	36 	32 	65 	80 	73 	69 	73 	101 	111
ANGELA 	5 	9 	5 	7 	: 	11 	5 	: 	: 	:
ANGELICA 	73 	34 	34 	28 	25 	22 	19 	17 	15 	10
ANGELINA 	17 	17 	18 	10 	7 	: 	: 	: 	: 	:
ANINE 	34 	32 	46 	42 	41 	43 	42 	36 	27 	30
ANITA 	7 	14 	20 	18 	19 	30 	32 	23 	45 	66
ANJA 	26 	25 	27 	34 	39 	41 	44 	41 	56 	80
ANN 	15 	25 	23 	20 	28 	31 	41 	44 	44 	58
ANNA 	298 	306 	323 	344 	298 	341 	370 	329 	324 	381
ANNE 	101 	85 	111 	124 	148 	135 	161 	167 	186 	229
ANNELI 	14 	10 	22 	8 	13 	8 	12 	9 	12 	11
ANNETTE 	6 	5 	4 	: 	8 	11 	16 	7 	19 	15
ANNIE 	12 	10 	14 	9 	11 	13 	17 	14 	10 	10
ANNIKA 	34 	32 	30 	26 	26 	24 	30 	27 	25 	27
ANNIKEN 	45 	37 	42 	46 	68 	65 	69 	66 	66 	92
ARIANA 	12 	19 	14 	9 	8 	6 	5 	9 	4 	:
ARIEL 	21 	15 	11 	7 	6 	11 	12 	15 	4 	:
ASTRI 	12 	14 	12 	6 	8 	8 	11 	16 	14 	13
ASTRID 	91 	88 	83 	82 	65 	107 	83 	91 	114 	115
AURORA 	266 	205 	190 	193 	165 	142 	115 	115 	103 	82
AYA 	5 	12 	9 	8 	8 	: 	6 	: 	5 	:
AYLA 	9 	16 	15 	16 	8 	6 	14 	7 	4 	8
BEATE 	8 	7 	8 	7 	10 	22 	10 	16 	26 	20
BEATRICE 	: 	: 	6 	10 	4 	8 	9 	: 	: 	9
BENEDICTE 	45 	45 	51 	47 	66 	80 	79 	85 	91 	110
BENEDIKTE 	22 	30 	26 	24 	35 	49 	43 	64 	79 	65
BENTE 	6 	: 	4 	: 	6 	5 	: 	11 	13 	17
BERIT 	7 	8 	10 	7 	5 	7 	14 	9 	15 	11
BERTINE 	31 	42 	26 	21 	14 	15 	7 	12 	7 	:
BETINA 	10 	9 	4 	9 	11 	7 	16 	8 	8 	7
BETTINA 	9 	8 	11 	10 	18 	17 	18 	18 	15 	21
BIANCA 	6 	: 	13 	4 	7 	9 	4 	7 	: 	7
BIRGIT 	: 	: 	6 	4 	7 	8 	4 	6 	12 	9
BIRGITTE 	9 	10 	9 	22 	20 	30 	28 	29 	47 	48
BIRTE 	5 	: 	: 	: 	: 	6 	4 	9 	8 	12
BJØRG 	5 	: 	5 	8 	5 	4 	10 	11 	9 	6
CAMILLA 	113 	109 	136 	146 	176 	215 	247 	256 	284 	313
CARINA 	29 	17 	11 	25 	30 	29 	40 	30 	48 	39
CARMEN 	47 	26 	19 	16 	18 	17 	13 	11 	9 	8
CAROLINE 	82 	93 	110 	107 	114 	150 	149 	172 	185 	200
CASSANDRA 	24 	20 	18 	25 	21 	10 	25 	13 	11 	9
CATHARINA 	7 	6 	5 	8 	6 	11 	9 	10 	14 	6
CATHRINE 	20 	15 	24 	30 	40 	47 	44 	52 	60 	74
CECILIA 	13 	18 	16 	12 	14 	13 	21 	10 	16 	11
CECILIE 	37 	41 	54 	60 	86 	88 	90 	120 	130 	173
CELINA 	83 	113 	111 	105 	140 	87 	81 	46 	37 	44
CELINE 	152 	158 	138 	165 	179 	154 	191 	184 	143 	153
CHARLOTTE 	71 	60 	85 	87 	83 	109 	123 	150 	171 	172
CHRISTIANE 	9 	14 	10 	9 	8 	17 	16 	15 	13 	9
CHRISTINA 	67 	52 	65 	72 	76 	73 	64 	76 	63 	91
CHRISTINE 	44 	37 	41 	63 	62 	78 	88 	68 	95 	94
CINDY 	12 	6 	: 	: 	: 	: 	: 	5 	4 	:
CLARA 	8 	15 	18 	10 	13 	7 	9 	7 	8 	7
CONNIE 	6 	: 	: 	: 	7 	: 	4 	6 	11 	12
CORNELIA 	48 	34 	22 	25 	23 	26 	22 	17 	13 	18
DANIELA 	9 	6 	10 	9 	10 	4 	5 	4 	4 	8
DANIELLA 	10 	13 	9 	15 	8 	7 	9 	5 	: 	9
DIANA 	11 	6 	10 	13 	9 	10 	8 	10 	11 	14
DINA 	96 	101 	131 	133 	136 	83 	72 	54 	54 	44
DORTHE 	8 	: 	10 	14 	12 	21 	25 	13 	9 	19
DORTHEA 	11 	9 	4 	13 	9 	13 	7 	: 	12 	6
EA 	12 	10 	10 	4 	4 	4 	: 	: 	: 	:
EBBA 	24 	17 	8 	13 	10 	13 	: 	15 	8 	10
EDEL 	8 	7 	8 	9 	11 	7 	11 	13 	8 	7
EIRA 	32 	27 	21 	32 	22 	12 	23 	20 	18 	12
EIRIN 	26 	35 	55 	41 	47 	55 	57 	66 	72 	78
EIVOR 	8 	12 	7 	10 	6 	4 	6 	7 	4 	:
ELEA 	11 	: 	: 	: 	: 	: 	: 	: 	: 	:
ELENA 	34 	26 	25 	30 	25 	23 	23 	33 	19 	34
ELI 	8 	10 	8 	12 	13 	15 	29 	13 	18 	19
ELIDA 	50 	40 	19 	31 	23 	25 	24 	22 	21 	15
ELIN 	36 	29 	39 	45 	58 	50 	70 	84 	75 	69
ELINA 	36 	37 	23 	31 	18 	11 	14 	17 	12 	17
ELINE 	159 	148 	137 	157 	149 	153 	163 	169 	155 	134
ELISA 	29 	23 	17 	31 	30 	24 	30 	17 	5 	8
ELISABET 	4 	5 	5 	5 	6 	6 	6 	10 	12 	11
ELISABETH 	67 	63 	81 	81 	102 	116 	119 	131 	155 	165
ELISE 	221 	211 	217 	239 	223 	244 	208 	224 	229 	224
ELIZABETH 	: 	5 	10 	5 	7 	17 	7 	8 	9 	5
ELLA 	168 	119 	123 	83 	51 	37 	40 	38 	30 	26
ELLEN 	33 	38 	34 	51 	39 	43 	52 	79 	60 	60
ELLINOR 	28 	24 	22 	12 	16 	17 	17 	14 	12 	14
ELSA 	18 	13 	9 	13 	10 	4 	4 	10 	: 	:
ELSE 	4 	4 	10 	: 	12 	10 	8 	10 	11 	7
ELVIRA 	25 	5 	7 	4 	7 	: 	5 	6 	8 	4
EMBLA 	29 	22 	22 	30 	31 	37 	27 	31 	27 	21
EMELIE 	10 	6 	4 	8 	5 	8 	7 	7 	9 	10
EMILIA 	34 	39 	26 	22 	32 	28 	27 	35 	21 	7
EMILIE 	362 	400 	410 	404 	404 	444 	531 	583 	438 	381
EMILY 	59 	59 	58 	64 	44 	38 	56 	48 	37 	45
EMMA 	456 	502 	731 	806 	446 	397 	388 	416 	407 	234
EMMY 	8 	9 	7 	10 	5 	4 	10 	4 	4 	6
ENYA 	13 	5 	7 	4 	4 	4 	8 	: 	: 	5
ERICA 	25 	26 	18 	25 	14 	21 	29 	24 	19 	17
ERIKA 	34 	40 	40 	22 	29 	28 	35 	36 	38 	31
ERLE 	72 	45 	49 	32 	33 	18 	23 	16 	14 	20
ESTER 	12 	7 	7 	5 	17 	18 	6 	8 	10 	7
ESTHER 	4 	8 	14 	11 	6 	10 	4 	5 	6 	12
EVA 	60 	83 	56 	52 	53 	34 	43 	45 	42 	39
EVELINA 	12 	: 	5 	: 	: 	4 	4 	: 	: 	4
EVELYN 	8 	12 	9 	6 	7 	7 	9 	9 	10 	7
FANNY 	15 	14 	19 	14 	14 	24 	26 	20 	18 	23
FATIMA 	20 	16 	21 	29 	22 	23 	21 	18 	23 	11
FELICIA 	9 	11 	8 	13 	14 	10 	12 	: 	7 	10
FILIPPA 	26 	36 	26 	22 	19 	9 	7 	5 	: 	:
FIONA 	13 	4 	5 	5 	5 	5 	6 	7 	6 	:
FREDRIKKE 	12 	11 	18 	17 	12 	7 	14 	15 	11 	16
FREYA 	10 	9 	5 	5 	5 	: 	: 	: 	: 	:
FRIDA 	244 	254 	285 	335 	269 	307 	268 	281 	294 	303
FRIDE 	17 	15 	20 	20 	13 	23 	16 	13 	19 	19
FRØYA 	28 	37 	31 	37 	25 	12 	12 	8 	9 	5
FRØYDIS 	6 	4 	6 	12 	11 	6 	5 	11 	: 	8
GABRIELLA 	11 	6 	4 	: 	10 	: 	5 	7 	4 	7
GABRIELLE 	6 	: 	6 	4 	12 	7 	13 	: 	10 	8
GINA 	20 	24 	25 	41 	35 	41 	33 	42 	37 	49
GRETE 	4 	: 	: 	5 	6 	4 	5 	11 	17 	4
GRO 	5 	: 	4 	5 	6 	6 	4 	5 	7 	12
GRY 	: 	: 	: 	5 	: 	: 	7 	11 	12 	9
GUNHILD 	6 	5 	11 	9 	6 	10 	8 	11 	14 	11
GUNN 	: 	5 	: 	5 	8 	6 	8 	12 	10 	10
GURI 	5 	6 	6 	: 	5 	: 	10 	9 	10 	9
GURO 	61 	75 	110 	106 	94 	90 	92 	107 	100 	119
GØRIL 	: 	4 	: 	: 	7 	: 	10 	: 	7 	6
HAFSA 	10 	8 	9 	6 	11 	: 	6 	8 	5 	12
HANA 	7 	8 	5 	16 	6 	4 	10 	4 	4 	6
HANNA 	222 	213 	222 	221 	230 	236 	206 	237 	238 	231
HANNAH 	180 	203 	163 	182 	170 	180 	147 	127 	92 	106
HANNE 	75 	80 	91 	108 	137 	157 	171 	197 	204 	224
HEDDA 	262 	252 	280 	259 	282 	307 	221 	223 	214 	107
HEDVIG 	31 	31 	29 	32 	21 	30 	21 	22 	18 	12
HEGE 	5 	6 	8 	13 	29 	19 	23 	33 	63 	46
HEIDI 	26 	40 	33 	30 	42 	49 	70 	75 	69 	81
HELEN 	4 	8 	9 	13 	16 	11 	16 	19 	15 	15
HELENA 	79 	50 	83 	60 	63 	54 	83 	46 	64 	53
HELENE 	219 	239 	221 	290 	261 	294 	284 	310 	352 	339
HELGA 	5 	5 	: 	7 	10 	11 	10 	5 	7 	16
HELIN 	8 	13 	10 	8 	8 	5 	8 	: 	5 	:
HELLE 	51 	55 	52 	58 	50 	61 	58 	46 	43 	47
HENNIE 	17 	13 	11 	9 	9 	10 	4 	10 	: 	4
HENNY 	13 	12 	4 	6 	5 	9 	5 	7 	6 	5
HENRIETTE 	91 	106 	123 	115 	108 	149 	193 	187 	145 	180
HENRIKKE 	10 	6 	6 	10 	4 	8 	12 	11 	12 	7
HERMINE 	56 	36 	28 	24 	18 	6 	4 	7 	: 	:
HILDE 	9 	13 	21 	25 	28 	33 	34 	54 	63 	89
IBEN 	67 	71 	86 	30 	25 	23 	26 	14 	12 	12
IDA 	422 	459 	468 	500 	515 	512 	557 	502 	536 	577
IDUN 	17 	24 	15 	11 	16 	9 	17 	20 	12 	12
IDUNN 	9 	8 	21 	21 	11 	17 	17 	13 	13 	13
IHNE 	: 	: 	: 	: 	9 	17 	7 	: 	: 	:
IMAN 	17 	16 	18 	16 	9 	9 	7 	8 	14 	11
INA 	60 	48 	72 	50 	71 	74 	61 	51 	65 	68
INE 	48 	81 	70 	79 	82 	95 	74 	57 	61 	60
INGA 	16 	33 	30 	26 	21 	26 	45 	42 	34 	33
INGEBJØRG 	10 	14 	14 	8 	5 	13 	21 	13 	14 	13
INGEBORG 	142 	169 	172 	134 	97 	111 	121 	103 	120 	102
INGELIN 	4 	6 	8 	5 	6 	7 	8 	9 	10 	8
INGER 	30 	33 	41 	41 	38 	41 	37 	42 	57 	64
INGERID 	5 	: 	: 	: 	8 	6 	11 	10 	12 	6
INGRI 	4 	5 	10 	7 	9 	13 	8 	8 	7 	9
INGRID 	367 	364 	338 	393 	416 	383 	449 	497 	444 	597
INGUNN 	8 	10 	9 	9 	11 	15 	20 	20 	28 	21
INGVILD 	51 	68 	69 	62 	60 	99 	106 	162 	162 	173
INGVILL 	6 	8 	: 	7 	: 	7 	5 	15 	9 	10
IQRA 	7 	: 	6 	7 	8 	7 	: 	5 	11 	11
IRENE 	10 	7 	9 	10 	15 	12 	10 	15 	21 	21
IRIS 	21 	22 	30 	25 	17 	21 	25 	19 	17 	24
IRMELIN 	: 	: 	: 	8 	6 	6 	4 	11 	11 	17
ISA 	10 	11 	7 	11 	4 	8 	5 	: 	4 	6
ISABEL 	70 	76 	57 	58 	46 	47 	45 	32 	37 	37
ISABELL 	62 	59 	38 	43 	41 	26 	21 	34 	23 	26
ISABELLA 	53 	55 	37 	27 	50 	32 	22 	28 	15 	13
ISABELLE 	25 	36 	34 	28 	24 	29 	20 	27 	19 	16
ISELIN 	90 	83 	59 	86 	70 	75 	93 	71 	78 	113
JANE 	: 	5 	5 	6 	: 	5 	8 	14 	8 	10
JANNE 	18 	18 	14 	16 	17 	29 	27 	41 	23 	37
JANNICKE 	7 	7 	4 	8 	10 	11 	7 	20 	22 	29
JANNIKE 	5 	: 	: 	6 	4 	10 	8 	5 	7 	9
JASMIN 	12 	28 	15 	12 	11 	15 	17 	14 	9 	11
JASMINE 	4 	13 	7 	11 	5 	: 	4 	6 	8 	4
JEANETT 	6 	4 	6 	8 	10 	8 	11 	10 	11 	21
JEANETTE 	6 	8 	13 	8 	16 	15 	21 	35 	33 	37
JENNIE 	8 	10 	14 	12 	5 	6 	5 	7 	6 	5
JENNIFER 	6 	11 	13 	16 	22 	13 	22 	11 	11 	10
JENNY 	172 	182 	144 	166 	169 	165 	182 	183 	166 	156
JESSICA 	25 	16 	14 	19 	6 	19 	13 	12 	13 	14
JOHANNA 	66 	70 	52 	44 	33 	39 	43 	33 	39 	50
JOHANNE 	131 	145 	142 	132 	124 	114 	145 	125 	151 	130
JORUNN 	7 	8 	5 	: 	7 	6 	15 	9 	5 	10
JOSEFINE 	83 	77 	59 	50 	56 	60 	38 	63 	72 	46
JOSEPHINE 	8 	9 	8 	12 	7 	6 	10 	5 	8 	6
JUDITH 	: 	: 	4 	: 	8 	6 	6 	4 	8 	10
JULIA 	97 	114 	111 	109 	109 	105 	85 	74 	82 	63
JULIANE 	12 	21 	11 	16 	14 	21 	17 	15 	10 	25
JULIANNE 	13 	17 	33 	14 	27 	17 	23 	32 	33 	20
JULIE 	430 	425 	450 	496 	477 	539 	477 	492 	433 	454
JUNE 	25 	40 	34 	40 	59 	51 	62 	54 	52 	69
JUNI 	11 	15 	24 	20 	17 	18 	28 	32 	31 	20
KAIA 	38 	45 	47 	48 	40 	59 	37 	23 	38 	27
KAISA 	31 	26 	39 	35 	29 	23 	23 	14 	14 	6
KAJA 	145 	146 	144 	138 	154 	146 	154 	129 	94 	100
KAJSA 	22 	23 	32 	38 	21 	14 	15 	15 	8 	6
KAMILLA 	47 	43 	63 	45 	51 	60 	76 	84 	98 	102
KAREN 	52 	61 	71 	60 	82 	73 	77 	96 	66 	106
KARI 	22 	26 	30 	47 	47 	29 	47 	43 	40 	57
KARIANNE 	11 	12 	13 	20 	25 	40 	35 	39 	45 	61
KARIN 	7 	9 	7 	12 	20 	13 	18 	16 	16 	11
KARINA 	30 	26 	37 	38 	29 	40 	42 	50 	65 	61
KARINE 	5 	19 	16 	9 	16 	16 	22 	16 	18 	25
KAROLINA 	: 	8 	4 	5 	7 	6 	10 	5 	: 	5
KAROLINE 	122 	165 	171 	138 	162 	219 	230 	256 	282 	303
KATARINA 	16 	11 	20 	19 	27 	24 	23 	36 	44 	30
KATHARINA 	13 	5 	12 	9 	9 	12 	21 	14 	13 	18
KATHINKA 	: 	6 	4 	5 	: 	14 	8 	9 	6 	:
KATHRINE 	8 	15 	15 	21 	20 	26 	25 	42 	36 	37
KATINKA 	: 	10 	8 	10 	8 	11 	10 	14 	8 	14
KATJA 	14 	12 	19 	: 	11 	9 	6 	10 	14 	9
KATRINE 	20 	36 	36 	42 	57 	69 	72 	92 	89 	97
KAYA 	8 	10 	7 	12 	9 	: 	4 	: 	: 	:
KINE 	63 	61 	63 	62 	71 	80 	76 	72 	87 	106
KIRSTEN 	: 	5 	: 	7 	7 	5 	10 	6 	9 	10
KIRSTI 	: 	5 	5 	: 	4 	: 	6 	9 	8 	11
KJERSTI 	18 	16 	15 	18 	23 	21 	28 	38 	30 	40
KLARA 	15 	17 	15 	19 	10 	18 	14 	6 	11 	10
KORNELIA 	8 	12 	12 	9 	: 	4 	8 	9 	6 	:
KRISTIANE 	19 	15 	15 	19 	22 	21 	22 	22 	29 	19
KRISTIN 	44 	52 	84 	73 	94 	108 	123 	154 	168 	194
KRISTINA 	60 	59 	77 	92 	93 	78 	108 	88 	95 	121
KRISTINE 	135 	129 	163 	174 	205 	214 	240 	278 	282 	324
LAIBA 	12 	9 	21 	10 	: 	9 	: 	: 	: 	:
LAILA 	6 	15 	7 	11 	11 	11 	12 	11 	17 	14
LANA 	11 	7 	10 	12 	4 	4 	: 	: 	4 	:
LARA 	10 	14 	18 	10 	11 	12 	6 	4 	4 	:
LAURA 	17 	18 	24 	25 	26 	23 	25 	23 	32 	10
LEA 	89 	105 	131 	94 	85 	96 	82 	53 	37 	29
LEAH 	209 	122 	83 	65 	44 	30 	22 	11 	7 	6
LEILA 	: 	: 	7 	11 	: 	6 	10 	5 	: 	6
LEJLA 	: 	5 	: 	5 	9 	10 	4 	: 	: 	:
LENA 	27 	34 	33 	44 	39 	62 	52 	72 	79 	94
LENE 	16 	22 	32 	47 	55 	66 	98 	104 	93 	88
LEONA 	25 	22 	12 	8 	8 	: 	: 	: 	: 	:
LEONORA 	23 	19 	11 	6 	11 	8 	12 	8 	9 	:
LILJA 	15 	18 	11 	4 	6 	7 	: 	4 	: 	5
LILL 	6 	7 	7 	7 	5 	9 	8 	11 	6 	13
LILLI 	12 	7 	12 	: 	8 	7 	: 	: 	4 	:
LILLIAN 	10 	11 	16 	17 	7 	14 	13 	24 	18 	15
LILLY 	29 	23 	36 	19 	14 	18 	12 	9 	10 	11
LINA 	68 	65 	70 	75 	58 	60 	52 	52 	50 	59
LINDA 	6 	16 	26 	30 	25 	28 	31 	50 	62 	64
LINE 	42 	47 	53 	67 	58 	55 	67 	85 	87 	120
LINEA 	49 	37 	28 	17 	14 	10 	11 	6 	7 	8
LINN 	35 	54 	62 	87 	90 	96 	116 	122 	156 	135
LINNEA 	240 	201 	164 	127 	78 	75 	60 	56 	50 	41
LISA 	103 	93 	106 	113 	97 	106 	114 	130 	132 	134
LISBETH 	4 	4 	: 	4 	: 	7 	: 	6 	15 	13
LISE 	32 	38 	32 	56 	48 	48 	63 	77 	90 	100
LIV 	49 	46 	53 	56 	58 	51 	44 	49 	58 	58
LIVA 	18 	15 	12 	21 	13 	6 	5 	10 	4 	6
LIVE 	107 	104 	78 	61 	60 	60 	46 	43 	52 	45
LONE 	35 	30 	22 	30 	21 	37 	44 	31 	36 	29
LOTTA 	14 	19 	9 	13 	14 	16 	6 	4 	14 	:
LOTTE 	63 	43 	54 	41 	49 	48 	45 	43 	40 	47
LOUISE 	50 	36 	50 	31 	39 	35 	44 	36 	42 	32
LOVISE 	19 	18 	18 	11 	16 	22 	20 	14 	14 	19
LUNA 	25 	21 	21 	11 	16 	5 	5 	5 	5 	:
LYDIA 	12 	10 	15 	10 	9 	8 	8 	10 	6 	8
LYKKE 	16 	14 	11 	10 	: 	6 	4 	: 	: 	:
MADELEINE 	63 	74 	51 	61 	75 	67 	55 	64 	60 	53
MADELEN 	84 	80 	71 	69 	84 	58 	70 	86 	64 	61
MADELENE 	10 	8 	7 	14 	11 	12 	10 	16 	15 	9
MAGNHILD 	: 	4 	5 	6 	: 	6 	7 	7 	11 	10
MAI 	8 	11 	11 	8 	9 	: 	12 	15 	15 	13
MAIA 	37 	50 	38 	34 	30 	30 	25 	29 	17 	20
MAIKEN 	37 	51 	36 	40 	59 	77 	79 	78 	72 	63
MAJA 	177 	195 	185 	183 	146 	137 	154 	119 	106 	97
MALAIKA 	7 	18 	12 	8 	5 	: 	: 	: 	: 	:
MALENA 	14 	15 	11 	6 	6 	9 	6 	9 	7 	11
MALENE 	73 	77 	86 	83 	94 	90 	111 	108 	97 	105
MALI 	13 	18 	19 	17 	11 	15 	18 	23 	6 	11
MALIN 	313 	378 	336 	329 	373 	396 	420 	456 	472 	413
MAREN 	172 	187 	219 	215 	213 	191 	217 	271 	264 	259
MARGIT 	8 	12 	8 	15 	4 	12 	10 	11 	19 	15
MARGRETE 	6 	9 	11 	11 	10 	10 	17 	16 	16 	25
MARGRETHE 	26 	30 	25 	30 	25 	29 	15 	27 	38 	50
MARI 	180 	191 	195 	172 	172 	214 	205 	213 	231 	219
MARIA 	315 	346 	415 	431 	431 	428 	425 	387 	399 	409
MARIAM 	10 	13 	17 	24 	12 	22 	15 	16 	26 	10
MARIANN 	4 	4 	4 	6 	8 	13 	10 	15 	12 	28
MARIANNE 	18 	23 	35 	40 	33 	46 	68 	63 	75 	94
MARIE 	231 	237 	281 	252 	263 	262 	294 	277 	291 	324
MARIEL 	6 	7 	5 	6 	6 	9 	13 	13 	13 	18
MARIELL 	34 	34 	37 	26 	31 	43 	47 	36 	28 	53
MARIELLE 	29 	18 	19 	26 	30 	17 	24 	12 	23 	27
MARINA 	19 	17 	15 	11 	16 	11 	17 	18 	26 	15
MARION 	20 	21 	42 	26 	23 	26 	19 	23 	26 	12
MARIT 	37 	34 	24 	28 	37 	45 	59 	53 	65 	69
MARITA 	24 	24 	30 	22 	41 	43 	48 	64 	75 	88
MARLEN 	6 	5 	7 	6 	: 	13 	7 	10 	8 	5
MARLENE 	21 	11 	23 	35 	27 	25 	27 	41 	39 	38
MARLIN 	4 	6 	5 	8 	4 	9 	8 	12 	: 	5
MARTA 	13 	8 	21 	11 	16 	14 	18 	17 	21 	19
MARTE 	132 	119 	152 	175 	169 	232 	240 	255 	259 	307
MARTHA 	18 	25 	16 	15 	22 	18 	23 	25 	20 	20
MARTHE 	67 	93 	117 	110 	144 	171 	162 	165 	208 	190
MARTHINE 	: 	11 	12 	10 	15 	13 	9 	18 	17 	11
MARTINA 	5 	: 	5 	7 	8 	10 	6 	5 	4 	8
MARTINE 	193 	196 	226 	254 	256 	368 	302 	302 	299 	332
MARY 	9 	8 	: 	5 	10 	4 	7 	9 	: 	4
MARYAM 	6 	5 	12 	9 	13 	10 	7 	10 	11 	11
MATHEA 	145 	167 	146 	69 	56 	55 	53 	36 	33 	29
MATHILDE 	195 	217 	201 	180 	198 	202 	231 	169 	149 	149
MATILDA 	12 	7 	5 	11 	9 	4 	5 	4 	: 	4
MATILDE 	59 	45 	56 	37 	34 	29 	61 	36 	38 	37
MAUD 	: 	4 	: 	5 	9 	16 	9 	18 	7 	6
MAY 	20 	21 	12 	7 	14 	17 	26 	23 	23 	34
MAYA 	73 	69 	61 	50 	38 	34 	29 	18 	14 	9
MELINA 	20 	14 	8 	8 	9 	9 	5 	5 	7 	:
MELISA 	10 	6 	6 	11 	6 	8 	7 	: 	: 	:
MELISSA 	22 	26 	36 	18 	21 	27 	22 	19 	21 	34
MERETE 	: 	6 	5 	4 	4 	7 	9 	7 	15 	22
MERETHE 	: 	: 	4 	: 	7 	: 	9 	11 	5 	16
METTE 	: 	6 	5 	4 	9 	11 	26 	21 	25 	34
MIA 	248 	282 	298 	257 	233 	199 	231 	175 	132 	104
MICHELLE 	65 	64 	52 	69 	61 	53 	71 	74 	78 	73
MIE 	46 	36 	27 	17 	22 	19 	20 	14 	10 	11
MILLA 	38 	44 	40 	26 	19 	13 	12 	9 	: 	4
MILLE 	84 	81 	88 	58 	53 	30 	31 	12 	8 	8
MINA 	201 	185 	191 	169 	139 	112 	117 	120 	95 	101
MIRA 	37 	26 	21 	24 	24 	20 	5 	12 	10 	16
MIRANDA 	8 	9 	5 	8 	8 	: 	6 	4 	10 	7
MIRIAM 	61 	58 	78 	69 	75 	89 	75 	73 	71 	87
MOA 	11 	12 	8 	: 	: 	8 	6 	: 	: 	:
MONA 	26 	21 	22 	31 	31 	46 	34 	45 	46 	52
MONICA 	5 	14 	9 	7 	12 	13 	15 	18 	22 	42
MONIKA 	: 	: 	: 	5 	7 	7 	8 	11 	13 	15
NADIA 	14 	21 	26 	16 	18 	15 	23 	31 	27 	28
NADJA 	: 	: 	: 	5 	5 	5 	10 	7 	6 	7
NAJMA 	5 	6 	: 	12 	9 	: 	4 	: 	4 	4
NANNA 	9 	15 	15 	8 	13 	7 	16 	6 	14 	14
NAOMI 	14 	11 	19 	6 	14 	12 	10 	8 	15 	9
NATALIA 	11 	10 	13 	13 	17 	9 	16 	17 	11 	15
NATALIE 	83 	90 	74 	69 	69 	66 	52 	62 	80 	55
NATASHA 	9 	6 	9 	7 	10 	7 	9 	6 	9 	10
NATHALIE 	77 	72 	75 	66 	53 	51 	50 	43 	48 	46
NELLY 	11 	11 	5 	: 	6 	5 	: 	7 	: 	6
NICOLE 	5 	14 	12 	21 	9 	12 	14 	6 	10 	14
NICOLINE 	15 	5 	20 	10 	11 	11 	12 	12 	13 	8
NIKITA 	: 	5 	4 	: 	4 	9 	12 	6 	9 	:
NIKOLINE 	15 	12 	11 	13 	15 	14 	12 	10 	12 	15
NINA 	30 	38 	49 	52 	48 	58 	74 	76 	84 	112
NINNI 	5 	: 	: 	8 	6 	: 	4 	14 	: 	5
NOOR 	: 	10 	7 	9 	4 	7 	6 	5 	6 	4
NORA 	378 	386 	459 	443 	452 	422 	391 	362 	317 	229
NORAH 	22 	17 	22 	9 	5 	: 	: 	: 	: 	:
ODA 	221 	197 	193 	190 	228 	213 	234 	225 	256 	249
OLEA 	11 	9 	6 	7 	: 	: 	5 	6 	: 	:
OLINE 	38 	47 	38 	51 	28 	27 	29 	23 	14 	18
OLIVIA 	44 	56 	49 	43 	32 	30 	20 	25 	18 	22
OTHILIE 	18 	8 	6 	12 	10 	5 	8 	5 	5 	:
PAULA 	6 	10 	6 	10 	4 	6 	7 	6 	10 	9
PAULINE 	14 	13 	7 	10 	5 	11 	12 	9 	18 	17
PERNILLE 	132 	128 	117 	113 	87 	100 	133 	130 	116 	133
PETRA 	11 	11 	11 	5 	5 	9 	7 	: 	7 	4
PIA 	71 	87 	72 	58 	57 	63 	60 	58 	61 	63
RACHEL 	4 	7 	5 	6 	4 	10 	9 	9 	8 	14
RAGNA 	12 	13 	11 	8 	10 	13 	14 	13 	12 	15
RAGNE 	8 	7 	: 	5 	5 	10 	5 	8 	: 	4
RAGNHILD 	41 	36 	48 	43 	44 	72 	74 	75 	81 	101
RAKEL 	37 	29 	34 	38 	32 	30 	37 	23 	23 	24
RAMONA 	4 	: 	11 	9 	11 	14 	6 	9 	11 	7
RANDI 	13 	5 	17 	16 	15 	11 	15 	21 	20 	15
RANIA 	: 	5 	: 	12 	5 	: 	5 	: 	: 	:
RANNVEIG 	4 	: 	: 	: 	: 	: 	4 	4 	5 	10
REBECCA 	44 	57 	46 	56 	47 	68 	97 	96 	102 	110
REBECKA 	13 	10 	14 	23 	23 	22 	14 	19 	15 	13
REBEKKA 	52 	61 	46 	69 	71 	99 	89 	105 	88 	123
REGINE 	17 	24 	22 	30 	24 	31 	52 	37 	38 	39
REIDUN 	4 	: 	5 	: 	4 	: 	4 	6 	10 	5
RENATE 	11 	11 	16 	25 	25 	39 	51 	50 	71 	65
RIKKE 	66 	53 	83 	87 	84 	98 	95 	123 	131 	120
RITA 	6 	6 	6 	4 	8 	11 	5 	15 	11 	4
RONJA 	108 	77 	87 	104 	104 	89 	81 	64 	59 	50
RUNA 	20 	24 	17 	14 	13 	17 	20 	27 	21 	20
RUTH 	18 	18 	17 	14 	14 	14 	18 	24 	18 	17
SABRINA 	8 	7 	7 	4 	9 	5 	11 	14 	10 	14
SAGA 	14 	16 	9 	8 	9 	4 	6 	5 	4 	4
SAHRA 	: 	9 	: 	14 	4 	: 	6 	9 	4 	8
SALMA 	19 	19 	13 	12 	10 	6 	: 	5 	6 	:
SAMIRA 	8 	13 	11 	8 	10 	6 	6 	7 	9 	8
SANDRA 	104 	140 	201 	136 	177 	202 	187 	183 	201 	220
SANNA 	54 	51 	48 	49 	33 	34 	26 	29 	23 	29
SANNE 	32 	32 	43 	34 	34 	40 	34 	36 	42 	27
SARA 	310 	337 	292 	368 	388 	381 	356 	301 	298 	278
SARAH 	128 	144 	132 	114 	157 	138 	122 	95 	83 	98
SELIN 	7 	8 	: 	7 	10 	: 	7 	: 	6 	:
SELINA 	8 	7 	15 	13 	13 	19 	16 	18 	14 	15
SELINE 	7 	14 	6 	5 	10 	8 	11 	11 	13 	6
SELMA 	184 	202 	169 	157 	148 	121 	74 	53 	42 	45
SERINA 	6 	7 	9 	6 	6 	9 	10 	4 	4 	6
SERINE 	13 	9 	9 	14 	10 	21 	7 	11 	12 	15
SIENNA 	12 	: 	: 	: 	: 	: 	: 	: 	: 	:
SIGNE 	88 	64 	58 	63 	48 	54 	51 	45 	45 	63
SIGRID 	86 	106 	113 	103 	100 	117 	111 	103 	120 	131
SIGRUN 	6 	11 	5 	: 	8 	: 	6 	10 	6 	11
SILJA 	15 	13 	17 	13 	13 	7 	9 	13 	7 	:
SILJE 	137 	176 	237 	260 	311 	382 	364 	385 	496 	445
SIMONE 	17 	19 	7 	13 	11 	18 	14 	16 	16 	13
SINA 	32 	26 	26 	18 	27 	23 	24 	27 	23 	17
SINE 	10 	14 	7 	7 	9 	5 	6 	11 	8 	8
SIREN 	12 	32 	10 	17 	8 	: 	10 	12 	17 	29
SIRI 	38 	62 	54 	58 	68 	101 	96 	114 	134 	120
SIRIL 	8 	4 	6 	9 	8 	9 	17 	13 	9 	4
SISSEL 	: 	7 	: 	: 	4 	4 	4 	: 	8 	12
SIV 	6 	5 	13 	17 	16 	15 	8 	10 	14 	19
SOFIA 	71 	82 	47 	66 	52 	37 	47 	31 	32 	22
SOFIE 	277 	331 	265 	310 	292 	302 	320 	289 	280 	250
SOL 	17 	27 	11 	11 	18 	24 	13 	16 	24 	13
SOLVEIG 	100 	87 	85 	89 	76 	95 	98 	111 	115 	123
SONJA 	8 	12 	19 	7 	8 	12 	16 	12 	17 	14
SOPHIA 	18 	20 	12 	12 	15 	14 	12 	11 	12 	9
SOPHIE 	28 	33 	26 	35 	28 	34 	29 	31 	29 	27
STELLA 	47 	33 	27 	23 	16 	8 	12 	: 	: 	:
STEPHANIE 	5 	5 	: 	6 	7 	9 	5 	6 	8 	11
STINA 	30 	35 	40 	59 	28 	48 	33 	25 	34 	28
STINE 	115 	108 	128 	144 	193 	230 	249 	277 	278 	290
SUNNIVA 	139 	160 	153 	179 	170 	169 	211 	185 	149 	196
SUSANN 	: 	: 	6 	10 	13 	4 	23 	20 	33 	39
SUSANNA 	6 	5 	11 	7 	5 	7 	: 	10 	13 	10
SUSANNE 	44 	58 	67 	53 	51 	49 	69 	109 	110 	152
SYNNE 	121 	152 	140 	154 	156 	174 	203 	223 	194 	135
SYNNØVE 	26 	25 	25 	28 	32 	32 	35 	47 	46 	54
TALE 	15 	24 	25 	20 	13 	18 	16 	17 	13 	15
TANJA 	: 	4 	: 	: 	: 	5 	11 	4 	19 	25
TARA 	19 	20 	15 	11 	14 	17 	13 	18 	13 	18
TARAN 	4 	5 	: 	5 	: 	4 	4 	: 	4 	10
TEA 	17 	19 	5 	14 	18 	24 	12 	20 	14 	11
TELMA 	10 	8 	9 	: 	: 	: 	: 	: 	: 	:
TERESE 	: 	7 	10 	9 	6 	16 	9 	9 	13 	18
THALE 	17 	25 	30 	18 	23 	22 	35 	32 	24 	17
THEA 	463 	494 	446 	499 	490 	410 	458 	423 	368 	351
THELMA 	17 	15 	14 	12 	11 	5 	7 	: 	: 	:
THERESA 	5 	4 	5 	: 	6 	6 	12 	6 	6 	4
THERESE 	31 	39 	43 	56 	66 	78 	67 	69 	103 	138
THORA 	5 	11 	: 	6 	5 	4 	: 	: 	8 	6
TIA 	10 	17 	12 	9 	7 	: 	4 	7 	4 	:
TILDA 	5 	12 	7 	: 	: 	: 	: 	: 	: 	:
TILDE 	48 	42 	36 	25 	18 	6 	17 	9 	9 	7
TINA 	42 	52 	62 	58 	72 	105 	113 	82 	111 	129
TINDRA 	10 	4 	5 	: 	: 	: 	: 	: 	: 	:
TINE 	8 	18 	11 	14 	17 	13 	15 	16 	31 	19
TIRIL 	131 	137 	167 	151 	125 	127 	117 	104 	89 	86
TIRILL 	11 	8 	9 	9 	8 	11 	7 	5 	10 	13
TOMINE 	66 	50 	29 	22 	22 	23 	17 	15 	15 	7
TONE 	13 	13 	11 	10 	16 	21 	31 	42 	42 	38
TONJE 	39 	39 	52 	73 	88 	99 	122 	150 	174 	185
TORA 	41 	48 	43 	46 	42 	42 	52 	30 	47 	55
TORUNN 	: 	7 	: 	: 	6 	: 	: 	7 	10 	10
TOVE 	6 	14 	4 	4 	: 	8 	5 	11 	6 	8
TRINE 	10 	12 	18 	31 	28 	30 	53 	67 	75 	70
TRUDE 	4 	5 	: 	10 	9 	9 	16 	21 	22 	23
TUVA 	253 	318 	312 	311 	362 	225 	148 	104 	99 	99
TYRA 	18 	19 	32 	19 	14 	15 	19 	13 	9 	9
ULRIKKE 	22 	12 	21 	19 	23 	26 	21 	29 	19 	24
UNA 	30 	35 	31 	40 	20 	11 	14 	14 	16 	14
UNE 	: 	4 	5 	6 	7 	7 	4 	5 	8 	10
VANESSA 	18 	31 	27 	27 	32 	15 	17 	25 	13 	20
VANJA 	: 	14 	16 	21 	21 	31 	16 	19 	27 	30
VERA 	13 	16 	22 	23 	10 	15 	16 	15 	14 	7
VERONICA 	12 	14 	15 	32 	19 	33 	44 	63 	61 	70
VERONIKA 	4 	9 	9 	10 	11 	9 	11 	15 	31 	42
VESLEMØY 	10 	13 	12 	9 	13 	13 	12 	10 	12 	11
VIBEKE 	6 	5 	7 	8 	10 	12 	12 	15 	24 	29
VICTORIA 	161 	187 	220 	237 	247 	241 	319 	319 	237 	236
VIKTORIA 	40 	49 	48 	52 	59 	49 	61 	46 	58 	47
VILDE 	274 	267 	278 	336 	354 	315 	317 	375 	410 	404
VILJA 	33 	33 	17 	21 	9 	10 	10 	11 	: 	:
VILMA 	20 	4 	13 	9 	15 	5 	9 	: 	: 	:
VIOLA 	13 	: 	: 	5 	4 	7 	: 	: 	: 	4
VIVIAN 	14 	11 	: 	9 	12 	9 	10 	15 	12 	13
VÅR 	12 	18 	19 	10 	4 	8 	6 	12 	8 	6
VÅRIN 	14 	13 	13 	17 	9 	12 	18 	8 	13 	12
WILMA 	22 	10 	6 	14 	15 	14 	7 	7 	5 	:
YASMIN 	12 	15 	10 	13 	9 	19 	7 	14 	6 	13
YLVA 	59 	67 	34 	25 	51 	53 	47 	39 	44 	44
YVONNE 	4 	7 	5 	7 	13 	6 	18 	13 	19 	12
ÅSA 	6 	5 	6 	: 	8 	: 	11 	8 	5 	9
ÅSE 	16 	12 	9 	14 	17 	18 	13 	33 	24 	19
ÅSHILD 	12 	13 	15 	8 	14 	13 	21 	18 	25 	28
ÅSNE 	11 	19 	24 	25 	32 	13 	17 	10 	17 	12
ZAHRA 	10 	10 	11 	11 	5 	12 	5 	12 	9 	6
ZAINAB 	: 	5 	6 	6 	: 	11 	7 	7 	5 	:
ZARA 	14 	14 	4 	: 	: 	: 	5 	: 	: 	4
